version https://git-lfs.github.com/spec/v1
oid sha256:16f3b71bd8ec9c9d646ce8c58e70cac525e1d6b4c3bb2f3cea993e9bd8f5e8f5
size 3684155
